[514, 1541, 1542, 1546, 1035, 1547, 268, 1552, 1553, 1559, 25, 1562, 539, 1563, 1568, 546, 37, 1573, 1574, 1575, 1319, 41, 1577, 1578, 1579, 556, 45, 48, 1584, 1585, 51, 55, 

1080, 315, 1595, 60, 828, 834, 324, 328, 72, 330, 331, 332, 1356, 1615, 80, 848, 1616, 81, 1617, 342, 87, 1625, 1626, 859, 1627, 862, 1632, 354, 1125, 621, 1140, 630, 886, 

378, 638, 1406, 898, 899, 133, 134, 647, 903, 649, 138, 139, 140, 142, 658, 916, 917, 407, 1432, 664, 1434, 1178, 923, 414, 1438, 670, 1439, 928, 416, 1444, 421, 678, 424, 

936, 1192, 1449, 1458, 435, 1203, 1462, 1463, 696, 1465, 442, 1466, 698, 707, 1477, 1478, 1482, 1483, 1487, 208, 1488, 1489, 212, 214, 1494, 1239, 472, 1497, 730, 1498, 1499, 

1505, 995, 229, 1509, 1510, 1255, 488, 234, 1514, 1515, 749, 493, 494, 1007, 1520, 757, 1526, 761, 1530, 1531]


11.02: done: 514, toTo:1546
11.03: done : toTo: 1035,72,1547,268,1553
11.04: done: 1559,25 toDo: 
